.Random.seed <-
c(403L, 10L, -1177734308L, -400900302L, -310137299L, -1120967449L, 
819422734L, -932856856L, -474610197L, 552537737L, 997318168L, 
292607302L, -1109671007L, -1475531213L, -148667486L, 832116372L, 
-1548978921L, 1498993421L, -1901067740L, -738768374L, -1450364043L, 
49419983L, 1047476694L, -1794648704L, -1664234045L, -768562335L, 
1835872720L, 1543121198L, 1762980057L, -415167765L, -1746856102L, 
-2035150564L, -1525663713L, -2044705675L, -1629642484L, -1889538846L, 
-147135043L, -2067484105L, -589487906L, 13962264L, 1685910395L, 
46842649L, 674701224L, 1709686614L, -1150761007L, -150269053L, 
604837394L, 305459620L, 1264444775L, -206894403L, -1185904076L, 
-1936109158L, -786813467L, 1277667711L, -1148305146L, -267650416L, 
570960691L, -1548676911L, -300776832L, 2015015774L, 317825193L, 
-1476861093L, -309603990L, 1209693196L, 1009652815L, -841718523L, 
-2099296836L, -928395118L, 1243677581L, 1346220999L, 1201932462L, 
-792557304L, -1825638645L, -728067607L, 389748408L, 889758054L, 
378905089L, -1644421997L, 1974060866L, 1446058228L, -513387273L, 
-160961299L, -1989132412L, -1531162198L, 367920917L, -1123281489L, 
1138490806L, -210254880L, 903007011L, -1932972991L, -210493648L, 
1017711950L, 2097156025L, 308611531L, -642356614L, -1501929604L, 
-655151169L, -1688266603L, -324139348L, -565848958L, 1618269277L, 
-317228201L, 934503998L, -1849742728L, -1989101221L, -1149273927L, 
335755528L, -1611568202L, -239851279L, 1451081507L, -612882062L, 
915233732L, 2136954759L, 338001245L, 780473172L, -2025453190L, 
1103660229L, 1104098847L, -2051432026L, 507990832L, 1952096723L, 
803080177L, -461184736L, 1430880190L, 902959049L, -228425861L, 
493094218L, 1421775276L, -311751505L, -518416795L, 1986457116L, 
-1854832526L, -1834019091L, -929522905L, -1810114738L, -612900952L, 
-622736469L, -124794679L, 2082181336L, 560516486L, 1263248481L, 
-161225229L, -477649822L, 851698388L, 442475479L, -717309491L, 
-1629131420L, -441595574L, -1061515083L, 814970895L, 990662934L, 
-2078889024L, 1185998723L, 1658258849L, 1765132688L, 270512750L, 
2071094297L, -1188718421L, -271553382L, 755215452L, 1181366623L, 
692980533L, 1834684108L, -1831961566L, -704233859L, 736756599L, 
-1440703330L, -1550701736L, 1431965371L, -438538151L, 2118939624L, 
-1612163562L, 446937489L, 2052381251L, -735159982L, -58176028L, 
-129526745L, 2102427773L, -955363980L, -1988976294L, 1325320101L, 
814245823L, 1568136262L, -1223243056L, -1372752653L, 245387793L, 
220931136L, -965261282L, -491047191L, -561814501L, -1102730198L, 
1920421708L, -514304753L, -1397663675L, -730119684L, 764268626L, 
2065947085L, 1925147527L, -1736745362L, 2116357704L, 2008164427L, 
95969705L, -644260616L, -655243226L, -404784831L, 882022099L, 
1735687810L, 451372212L, -695387081L, 1632206637L, 307674180L, 
-890429078L, 2028772821L, -33637521L, 794608246L, 692196768L, 
-2023251357L, -1511357695L, 923277936L, -270453234L, 1175101049L, 
1145031179L, -189725894L, -2105075140L, -1742317185L, -1685982507L, 
737731308L, 557626434L, -1720210531L, 1292416208L, -1201490836L, 
1620704948L, -706164718L, -1854068768L, -1719036980L, 989285856L, 
1432125986L, -1980875480L, 974140684L, 1821519420L, -480534286L, 
1719283440L, 345722692L, 1642446424L, 991828538L, 1134911216L, 
-553037636L, 420028948L, 1231070402L, -822627232L, -1945182852L, 
1332314320L, -2130201566L, -90640728L, 348078988L, -608248388L, 
-139178958L, 1093822272L, -1707412300L, 250210120L, -1146553670L, 
1893031696L, -1856148244L, 113054804L, -956707054L, 577275808L, 
76911564L, -221936800L, 1513034946L, -2099161560L, 812692908L, 
572263228L, -985950350L, -1852958928L, 667948580L, -1109674952L, 
-1946840870L, 1806165392L, -182195460L, 2036376468L, 679356226L, 
1420430848L, -1695836612L, -588817840L, -661117278L, 1496138568L, 
2082599436L, -319854372L, -835638702L, 1247219840L, 50965332L, 
-440404504L, -659177734L, 677374800L, -2095735764L, -784029324L, 
98948754L, -1099968928L, -816355700L, 496551776L, -1538250014L, 
-690884440L, 2004823244L, -1778056708L, -1759604814L, -1599600144L, 
1262638532L, 1159650136L, -739512454L, 547095984L, -1472141892L, 
-479075244L, -1576560702L, -292505824L, -1155961924L, -1419835824L, 
-2042967582L, 669484392L, 1280867660L, -1073711876L, 1251568370L, 
920683264L, -876941708L, 480818184L, -76969542L, 1474696144L, 
-980113940L, -1550577772L, -374137134L, -655762848L, -1486406324L, 
722743584L, -162443646L, -1846090264L, -1637940244L, 1961671228L, 
1233454706L, 915807088L, 580178212L, -919178696L, 1866365338L, 
-1893052976L, -1800008260L, -1258826604L, 511424642L, 1103117760L, 
1641606972L, -422567792L, 1790782242L, 990824968L, 89819404L, 
-152098404L, -25466350L, -805712000L, 54905620L, 1727611176L, 
-1555347398L, -546587696L, -149131668L, 1117426228L, -46799214L, 
68664672L, -1987786420L, 1482658784L, -615284318L, -1784735320L, 
1502566028L, -1121731140L, -140701070L, 2041687024L, 981484100L, 
-1366691752L, -446094278L, 1087100016L, -731028420L, 1413334292L, 
1626589890L, -615221536L, -800519044L, -1939764528L, 1905527202L, 
-1871528920L, 575760140L, -48099908L, -1886501070L, 390926016L, 
1043099700L, -1198633272L, 1867303098L, -1008704880L, -1955348756L, 
1302985300L, 1041608338L, 878693664L, -784284212L, -607637792L, 
-1250130750L, -693208024L, -64523348L, -735138116L, 2111150066L, 
738777648L, -489307228L, 2116750776L, 1608339290L, 809246864L, 
-689434756L, -1070787308L, 1368623426L, -1727965952L, -1215520324L, 
1236092240L, 1308610850L, -998559160L, -1204206580L, 480055900L, 
-859593262L, 1312194048L, 750614868L, 1519676648L, -1222436614L, 
257260240L, 341917484L, -129481484L, 706321810L, 791998816L, 
1967558668L, -1565939488L, 284186210L, 769986728L, -857685940L, 
162322300L, 966339890L, -1196675472L, 708065092L, 669576152L, 
876668794L, -1499700176L, -1505286212L, -860718508L, -1173555134L, 
-608016736L, 494801596L, 971313104L, -277999262L, -1745098008L, 
-547574580L, -1670321668L, 1516007922L, 266049664L, -223248908L, 
1202760328L, -2100517062L, -1261854384L, 1818732L, 1104364948L, 
1000858261L, 694457074L, 1728633664L, 419213481L, -924633829L, 
487052012L, 195956474L, -2086060241L, -1127973063L, -1722138290L, 
1015209884L, 1361415437L, 1466750839L, -32812160L, 1610549726L, 
-1406505301L, 55243181L, 1563805210L, 205084888L, -122510015L, 
-1920365069L, 2073426964L, 1394606498L, 2079225527L, -633855871L, 
-1798186874L, -379671356L, 2051607029L, 2058511455L, 737695416L, 
829470614L, 1696550307L, 535925093L, 624924802L, 1325044208L, 
390211481L, 151388555L, -136201092L, -879339862L, -1126117153L, 
-1433815447L, -1494752130L, 547253356L, 1422453949L, -1752177273L, 
-448724624L, -1295813618L, 171411771L, 1703400989L, 165620426L, 
100885992L, -352277807L, 1001551555L, 782155204L, -1250256270L, 
1470497607L, 2108603153L, -863361386L, -1529136140L, 444466565L, 
773937359L, -1498156600L, -1093570458L, 409609875L, 1867298293L, 
518719442L, -181005280L, -1673558519L, -1058382021L, 1022218892L, 
573835034L, 1053739407L, -1014864167L, -2022463122L, -1835617028L, 
1366216301L, -1447130601L, -1108623392L, 1976499134L, 1138710923L, 
1460914701L, 708486714L, -407892360L, 1767368225L, -1701840685L, 
100960244L, -1137094526L, 1495025943L, 478068705L, -1452992218L, 
-2019657692L, -23160107L, 714909311L, 1348609816L, 1283171894L, 
1632762051L, 509678853L, 1607621794L, -1955937648L, 567070265L, 
-1270419733L, 485273564L, 1157902858L, 1501320447L, -1585413815L, 
1910272734L, 1012686988L, -1679312803L, 590788199L, -1676171376L, 
-1017467986L, -805694885L, -2074030531L, 452268202L, -641650360L, 
-485673615L, 1587446499L, -1788442140L, -1667275502L, -1909335833L, 
107110065L, -1804909322L, -2006534380L, 1220214821L, -568044241L, 
-206325016L, 923514822L, 390343283L, -656376619L, 85622450L, 
1515005568L, 698453609L, 1906365147L, 1422364204L, 1551240762L, 
308955375L, -507358343L, -153788402L, -899258916L, 165578317L, 
358466999L, -1967383744L, -141354466L, 517520619L, 1570210925L, 
243234010L, 580091032L, -619066623L, -1191792461L, 452967380L, 
